mappo_congested: 138 iters | last: {"iter": 137, "elapsed_s": 3716.1, "return": -201.5645, "mean_latency": 100.389, "greedy_latency": 95.219, "migrations": 1413.8, "overload": 0.0, "beta": 0.1, "policy_loss": -0.00046, "value_loss": 95.7385, "entropy": 1.4706, "kl": 0.00131, "clipfrac": 0.006, "samples": 33792}
mappo_congested2: 298 iters | last: {"iter": 297, "elapsed_s": 7465.3, "return": -256.3405, "mean_latency": 96.843, "greedy_latency": 95.219, "migrations": 701.8, "overload": 0.0, "beta": 0.1, "policy_loss": -0.00026, "value_loss": 21.1862, "entropy": 0.8174, "kl": 0.00056, "clipfrac": 0.0028, "samples": 33792}
mappo_hard: 214 iters | last: {"iter": 213, "elapsed_s": 2126.3, "sum_rate": 265.86, "min_rate": 0.0521, "jain": 0.2055, "migrations": 5493.0, "entropy": 4.1238, "policy_loss": 0.87309, "value_loss": 1.1757, "kl": -0.37859}
mappo_hard2: 3000 iters | last: {"iter": 2999, "elapsed_s": 30371.7, "sum_rate": 287.12, "min_rate": 0.586, "jain": 0.5228, "migrations": 6047.0, "entropy": 1.8459, "policy_loss": -0.00217, "value_loss": 0.3127, "kl": 0.00122}
mappo_hard3: 1112 iters | last: {"iter": 1111, "elapsed_s": 11257.0, "sum_rate": 285.92, "min_rate": 0.5113, "jain": 0.5339, "migrations": 5712.0, "entropy": 2.1263, "policy_loss": -0.00171, "value_loss": 0.517, "kl": 0.00099}
mappo_rate: 92 iters | last: {"iter": 91, "elapsed_s": 2484.2, "return": 372.5123, "mean_latency": 99.817, "greedy_latency": 95.219, "migrations": 808.4, "overload": 0.0, "beta": 0.1, "sum_rate": 497.48, "min_rate": 3.6109, "jain": 0.6323, "policy_loss": -0.00063, "value_loss": 1882.2154, "entropy": 1.1111, "kl": 0.00149, "clipfrac": 0.0059, "samples": 33792}
mappo_rate2: 168 iters | last: {"iter": 167, "elapsed_s": 4365.9, "return": 372.4338, "mean_latency": 99.77, "greedy_latency": 95.219, "migrations": 155.2, "overload": 0.0, "beta": 0.1, "sum_rate": 501.52, "min_rate": 3.6074, "jain": 0.6061, "policy_loss": 0.00183, "value_loss": 1234.1572, "entropy": 0.2638, "kl": 0.07088, "clipfrac": 0.0754, "samples": 33792}
